======================================================== 
Time of the test run: 2024-04-18 08:55:55.534008
BNL: select * from customer110, order110 where c_custkey = o_custkey limit 100000; #1
  time before fetch: 0.001971 sec50, 0.025881, 0.020651
100, 0.055977, 0.034696
150, 0.069358, 0.038800
200, 0.077208, 0.040159
250, 0.088934, 0.041333
300, 0.105247, 0.042376
350, 0.121865, 0.043017
400, 0.138669, 0.043407
450, 0.156491, 0.043657
500, 0.172866, 0.043794
550, 0.187462, 0.043869
600, 0.203549, 0.043919
650, 0.220991, 0.043953
700, 0.235832, 0.043970
750, 0.251043, 0.043981
800, 0.267188, 0.043987
850, 0.283857, 0.043992
900, 0.301289, 0.043994
950, 0.318327, 0.043996
1000, 0.334900, 0.043997
1050, 0.353067, 0.043997
1100, 0.368980, 0.043998
1150, 0.384618, 0.043998
1200, 0.401410, 0.043998
1250, 0.417154, 0.043998
1300, 0.432052, 0.043998
1350, 0.448778, 0.043998
1400, 0.464383, 0.043998
1450, 0.480549, 0.043998
1500, 0.496509, 0.043998
1550, 0.512565, 0.043998
1600, 0.529982, 0.043998
1650, 0.544400, 0.043998
1700, 0.561708, 0.043998
1750, 0.577800, 0.043998
1800, 0.594193, 0.043998
1850, 0.611320, 0.043998
1900, 0.628690, 0.043998
1950, 0.645340, 0.043998
2000, 0.663037, 0.043998
2050, 0.678959, 0.043998
2100, 0.695900, 0.043998
2150, 0.714648, 0.043998
2200, 0.731431, 0.043998
2250, 0.747897, 0.043998
2300, 0.766039, 0.043998
2350, 0.785385, 0.043998
2400, 0.802200, 0.043998
2450, 0.819391, 0.043998
2500, 0.834964, 0.043998
2550, 0.849966, 0.043998
2600, 0.865250, 0.043998
2650, 0.882075, 0.043998
2700, 0.901269, 0.043998
2750, 0.918040, 0.043998
2800, 0.935019, 0.043998
2850, 0.951245, 0.043998
2900, 0.968568, 0.043998
2950, 0.985427, 0.043998
3000, 1.002749, 0.043998
3050, 1.018332, 0.043998
3100, 1.035399, 0.043998
3150, 1.051625, 0.043998
3200, 1.068290, 0.043998
3250, 1.083683, 0.043998
3300, 1.101209, 0.043998
3350, 1.127254, 0.043998
3400, 1.161139, 0.043998
3450, 1.172700, 0.043998
3500, 1.180570, 0.043998
3550, 1.203287, 0.043998
3600, 1.227216, 0.043998
3650, 1.245878, 0.043998
3700, 1.270516, 0.043998
3750, 1.292580, 0.043998
3800, 1.314486, 0.043998
3850, 1.334065, 0.043998
3900, 1.355072, 0.043998
3950, 1.372771, 0.043998
4000, 1.395173, 0.043998
4050, 1.415976, 0.043998
4100, 1.441025, 0.043998
4150, 1.461266, 0.043998
4200, 1.483485, 0.043998
4250, 1.505211, 0.043998
4300, 1.527756, 0.043998
4350, 1.546482, 0.043998
4400, 1.570041, 0.043998
4450, 1.591674, 0.043998
4500, 1.609011, 0.043998
4550, 1.631270, 0.043998
4600, 1.651605, 0.043998
4650, 1.673925, 0.043998
4700, 1.694596, 0.043998
4750, 1.713767, 0.043998
4800, 1.732186, 0.043998
4850, 1.752579, 0.043998
4900, 1.773047, 0.043998
4950, 1.792397, 0.043998
5000, 1.815389, 0.043998
5050, 1.837370, 0.043998
5100, 1.858926, 0.043998
5150, 1.882322, 0.043998
5200, 1.903390, 0.043998
5250, 1.925624, 0.043998
5300, 1.947706, 0.043998
5350, 1.978031, 0.043998
5400, 2.005941, 0.043998
5450, 2.013997, 0.043998
5500, 2.032006, 0.043998
5550, 2.065337, 0.043998
5600, 2.087403, 0.043998
5650, 2.115636, 0.043998
5700, 2.138876, 0.043998
5750, 2.160044, 0.043998
5800, 2.184556, 0.043998
5850, 2.212338, 0.043998
5900, 2.239279, 0.043998
5950, 2.265086, 0.043998
6000, 2.284330, 0.043998
6050, 2.310475, 0.043998
6100, 2.338296, 0.043998
6150, 2.360175, 0.043998
6200, 2.389569, 0.043998
6250, 2.409428, 0.043998
6300, 2.428624, 0.043998
6350, 2.449765, 0.043998
6400, 2.474163, 0.043998
6450, 2.499153, 0.043998
6500, 2.520941, 0.043998
6550, 2.547424, 0.043998
6600, 2.572257, 0.043998
6650, 2.595315, 0.043998
6700, 2.618658, 0.043998
6750, 2.644226, 0.043998
Total joined tuples fetched: 6763,2.651751
Time of current query run: 2.65 sec

======================================================== 
Time of the test run: 2024-04-18 08:55:58.190470
BNL: select * from customer120, order120 where c_custkey = o_custkey limit 100000; #1
  time before fetch: 0.000771 sec50, 0.029173, 0.023018
100, 0.061952, 0.038578
150, 0.069985, 0.040878
200, 0.081471, 0.042755
250, 0.097518, 0.044438
300, 0.117373, 0.045700
350, 0.136712, 0.046443
400, 0.153147, 0.046824
450, 0.174325, 0.047116
500, 0.191523, 0.047261
550, 0.207704, 0.047345
600, 0.225537, 0.047401
650, 0.242899, 0.047434
700, 0.261264, 0.047455
750, 0.281327, 0.047468
800, 0.301204, 0.047477
850, 0.323110, 0.047482
900, 0.340254, 0.047485
950, 0.359030, 0.047487
1000, 0.376643, 0.047488
1050, 0.393466, 0.047488
1100, 0.411902, 0.047489
1150, 0.430030, 0.047489
1200, 0.447542, 0.047489
1250, 0.466140, 0.047489
1300, 0.484313, 0.047489
1350, 0.501767, 0.047489
1400, 0.520788, 0.047489
1450, 0.538854, 0.047489
1500, 0.557522, 0.047489
1550, 0.578037, 0.047489
1600, 0.597593, 0.047489
1650, 0.614000, 0.047489
1700, 0.632807, 0.047489
1750, 0.650778, 0.047489
1800, 0.669017, 0.047489
1850, 0.685968, 0.047489
1900, 0.705838, 0.047489
1950, 0.725802, 0.047489
2000, 0.745821, 0.047489
2050, 0.761960, 0.047489
2100, 0.782061, 0.047489
2150, 0.798386, 0.047489
2200, 0.818793, 0.047489
2250, 0.837248, 0.047489
2300, 0.855316, 0.047489
2350, 0.878853, 0.047489
2400, 0.897897, 0.047489
2450, 0.923540, 0.047489
2500, 0.950986, 0.047489
2550, 0.971034, 0.047489
2600, 0.979181, 0.047489
2650, 0.987299, 0.047489
2700, 1.006855, 0.047489
2750, 1.031529, 0.047489
2800, 1.050159, 0.047489
2850, 1.068006, 0.047489
2900, 1.088514, 0.047489
2950, 1.109863, 0.047489
3000, 1.130754, 0.047489
3050, 1.150292, 0.047489
3100, 1.170098, 0.047489
3150, 1.191620, 0.047489
3200, 1.212363, 0.047489
3250, 1.235755, 0.047489
3300, 1.257409, 0.047489
3350, 1.278205, 0.047489
3400, 1.296749, 0.047489
3450, 1.322360, 0.047489
3500, 1.343964, 0.047489
3550, 1.362073, 0.047489
3600, 1.385538, 0.047489
3650, 1.407606, 0.047489
3700, 1.429204, 0.047489
3750, 1.448914, 0.047489
3800, 1.468616, 0.047489
3850, 1.489303, 0.047489
3900, 1.509122, 0.047489
3950, 1.527141, 0.047489
4000, 1.549145, 0.047489
4050, 1.570736, 0.047489
4100, 1.589509, 0.047489
4150, 1.613304, 0.047489
4200, 1.634475, 0.047489
4250, 1.653453, 0.047489
4300, 1.673035, 0.047489
4350, 1.693773, 0.047489
4400, 1.715475, 0.047489
4450, 1.738162, 0.047489
4500, 1.759069, 0.047489
4550, 1.784299, 0.047489
4600, 1.801989, 0.047489
4650, 1.822586, 0.047489
4700, 1.841295, 0.047489
4750, 1.861606, 0.047489
4800, 1.878372, 0.047489
4850, 1.899887, 0.047489
4900, 1.919510, 0.047489
4950, 1.940859, 0.047489
5000, 1.962283, 0.047489
5050, 1.992523, 0.047489
5100, 2.027289, 0.047489
5150, 2.035362, 0.047489
5200, 2.048907, 0.047489
5250, 2.068207, 0.047489
5300, 2.090297, 0.047489
5350, 2.109359, 0.047489
5400, 2.129647, 0.047489
5450, 2.147465, 0.047489
5500, 2.166952, 0.047489
5550, 2.185826, 0.047489
5600, 2.203312, 0.047489
5650, 2.223938, 0.047489
5700, 2.241397, 0.047489
5750, 2.264447, 0.047489
5800, 2.283876, 0.047489
5850, 2.303428, 0.047489
5900, 2.321845, 0.047489
5950, 2.344613, 0.047489
6000, 2.364499, 0.047489
6050, 2.382934, 0.047489
6100, 2.400239, 0.047489
6150, 2.418364, 0.047489
6200, 2.436094, 0.047489
6250, 2.456123, 0.047489
6300, 2.476804, 0.047489
6350, 2.499847, 0.047489
6400, 2.518580, 0.047489
6450, 2.537449, 0.047489
6500, 2.556810, 0.047489
6550, 2.576315, 0.047489
6600, 2.596743, 0.047489
6650, 2.616271, 0.047489
6700, 2.634266, 0.047489
6750, 2.652435, 0.047489
6800, 2.674586, 0.047489
6850, 2.693596, 0.047489
6900, 2.712199, 0.047489
6950, 2.729910, 0.047489
Total joined tuples fetched: 6964,2.734423
Time of current query run: 2.73 sec

======================================================== 
Time of the test run: 2024-04-18 08:56:00.928126
BNL: select * from customer130, order130 where c_custkey = o_custkey limit 100000; #1
  time before fetch: 0.000705 sec50, 0.027498, 0.021599
100, 0.059630, 0.036923
150, 0.069801, 0.039968
200, 0.078071, 0.041407
250, 0.097276, 0.043338
300, 0.117415, 0.044615
350, 0.138380, 0.045411
400, 0.159632, 0.045900
450, 0.181247, 0.046205
500, 0.204542, 0.046402
550, 0.230449, 0.046534
600, 0.249600, 0.046594
650, 0.273376, 0.046639
700, 0.295124, 0.046664
750, 0.317601, 0.046679
800, 0.342402, 0.046690
850, 0.364728, 0.046696
900, 0.388257, 0.046699
950, 0.410569, 0.046701
1000, 0.434943, 0.046703
1050, 0.461437, 0.046704
1100, 0.483515, 0.046704
1150, 0.509200, 0.046704
1200, 0.533165, 0.046705
1250, 0.556557, 0.046705
1300, 0.577041, 0.046705
1350, 0.599410, 0.046705
1400, 0.622973, 0.046705
1450, 0.643042, 0.046705
1500, 0.668429, 0.046705
1550, 0.694171, 0.046705
1600, 0.720945, 0.046705
1650, 0.744113, 0.046705
1700, 0.768797, 0.046705
1750, 0.793305, 0.046705
1800, 0.815005, 0.046705
1850, 0.839548, 0.046705
1900, 0.869623, 0.046705
1950, 0.894462, 0.046705
2000, 0.924486, 0.046705
2050, 0.952583, 0.046705
2100, 0.960717, 0.046705
2150, 0.975001, 0.046705
2200, 0.999664, 0.046705
2250, 1.027541, 0.046705
2300, 1.052382, 0.046705
2350, 1.075602, 0.046705
2400, 1.098367, 0.046705
2450, 1.123231, 0.046705
2500, 1.149691, 0.046705
2550, 1.173910, 0.046705
2600, 1.195106, 0.046705
2650, 1.217588, 0.046705
2700, 1.242794, 0.046705
2750, 1.265565, 0.046705
2800, 1.290165, 0.046705
2850, 1.316076, 0.046705
2900, 1.338047, 0.046705
2950, 1.357911, 0.046705
3000, 1.384828, 0.046705
3050, 1.407102, 0.046705
3100, 1.427426, 0.046705
3150, 1.453400, 0.046705
3200, 1.480219, 0.046705
3250, 1.501995, 0.046705
3300, 1.527968, 0.046705
3350, 1.554184, 0.046705
3400, 1.579005, 0.046705
3450, 1.603928, 0.046705
3500, 1.627471, 0.046705
3550, 1.655927, 0.046705
3600, 1.680412, 0.046705
3650, 1.708632, 0.046705
3700, 1.737222, 0.046705
3750, 1.756536, 0.046705
3800, 1.764705, 0.046705
3850, 1.781346, 0.046705
3900, 1.802083, 0.046705
3950, 1.824515, 0.046705
4000, 1.846615, 0.046705
4050, 1.869582, 0.046705
4100, 1.892589, 0.046705
4150, 1.912971, 0.046705
4200, 1.933709, 0.046705
4250, 1.955965, 0.046705
4300, 1.977349, 0.046705
4350, 1.997588, 0.046705
4400, 2.020046, 0.046705
4450, 2.044749, 0.046705
4500, 2.066927, 0.046705
4550, 2.091138, 0.046705
4600, 2.112789, 0.046705
4650, 2.136930, 0.046705
4700, 2.161150, 0.046705
4750, 2.184897, 0.046705
4800, 2.209142, 0.046705
4850, 2.232768, 0.046705
4900, 2.257849, 0.046705
4950, 2.285071, 0.046705
5000, 2.305415, 0.046705
5050, 2.326205, 0.046705
5100, 2.348506, 0.046705
5150, 2.367544, 0.046705
5200, 2.387165, 0.046705
5250, 2.410284, 0.046705
5300, 2.434431, 0.046705
5350, 2.454690, 0.046705
5400, 2.475690, 0.046705
5450, 2.498601, 0.046705
Total joined tuples fetched: 5480,2.512269
Time of current query run: 2.51 sec

======================================================== 
Time of the test run: 2024-04-18 08:56:03.443336
BNL: select * from customer111, order111 where c_custkey = o_custkey limit 100000; #1
  time before fetch: 0.000697 sec50, 0.030775, 0.023886
100, 0.060034, 0.037513
150, 0.069613, 0.040361
200, 0.077719, 0.041766
250, 0.099688, 0.044039
300, 0.126904, 0.045726
350, 0.152074, 0.046699
400, 0.179258, 0.047322
450, 0.203098, 0.047658
500, 0.225855, 0.047851
550, 0.251495, 0.047986
600, 0.273334, 0.048052
650, 0.299732, 0.048102
700, 0.320808, 0.048127
750, 0.345650, 0.048144
800, 0.371241, 0.048155
850, 0.394759, 0.048161
900, 0.420481, 0.048165
950, 0.444357, 0.048167
1000, 0.473720, 0.048168
1050, 0.499444, 0.048169
1100, 0.523170, 0.048170
1150, 0.546204, 0.048170
1200, 0.570789, 0.048170
1250, 0.594739, 0.048170
1300, 0.619552, 0.048170
1350, 0.642924, 0.048170
1400, 0.665781, 0.048170
1450, 0.687568, 0.048170
1500, 0.713278, 0.048170
1550, 0.741987, 0.048170
1600, 0.765774, 0.048170
1650, 0.785323, 0.048170
1700, 0.813763, 0.048170
1750, 0.841757, 0.048170
1800, 0.870235, 0.048170
1850, 0.894029, 0.048170
1900, 0.902200, 0.048170
1950, 0.910404, 0.048170
2000, 0.928309, 0.048170
2050, 0.949607, 0.048170
2100, 0.971814, 0.048170
2150, 0.995112, 0.048170
2200, 1.015663, 0.048170
2250, 1.037120, 0.048170
2300, 1.055643, 0.048170
2350, 1.076970, 0.048170
2400, 1.094158, 0.048170
2450, 1.113432, 0.048170
2500, 1.133910, 0.048170
2550, 1.154389, 0.048170
2600, 1.176544, 0.048170
2650, 1.194831, 0.048170
2700, 1.213664, 0.048170
2750, 1.234064, 0.048170
2800, 1.252321, 0.048170
2850, 1.273847, 0.048170
2900, 1.291062, 0.048170
2950, 1.309464, 0.048170
3000, 1.329710, 0.048170
3050, 1.348992, 0.048170
3100, 1.369319, 0.048170
3150, 1.386820, 0.048170
3200, 1.407460, 0.048170
3250, 1.425600, 0.048170
3300, 1.444553, 0.048170
3350, 1.466229, 0.048170
3400, 1.482849, 0.048170
3450, 1.502105, 0.048170
3500, 1.521983, 0.048170
3550, 1.541786, 0.048170
3600, 1.559822, 0.048170
3650, 1.578865, 0.048170
3700, 1.594674, 0.048170
3750, 1.616547, 0.048170
3800, 1.634298, 0.048170
3850, 1.650610, 0.048170
3900, 1.669214, 0.048170
3950, 1.687708, 0.048170
4000, 1.706214, 0.048170
4050, 1.724315, 0.048170
4100, 1.742538, 0.048170
4150, 1.761001, 0.048170
4200, 1.779357, 0.048170
4250, 1.795945, 0.048170
4300, 1.813610, 0.048170
4350, 1.833327, 0.048170
4400, 1.865853, 0.048170
4450, 1.893514, 0.048170
4500, 1.901509, 0.048170
4550, 1.920309, 0.048170
4600, 1.943814, 0.048170
4650, 1.971324, 0.048170
4700, 1.995074, 0.048170
4750, 2.018077, 0.048170
4800, 2.039053, 0.048170
4850, 2.059120, 0.048170
4900, 2.083035, 0.048170
4950, 2.108557, 0.048170
5000, 2.135763, 0.048170
5050, 2.161752, 0.048170
5100, 2.186354, 0.048170
5150, 2.209930, 0.048170
5200, 2.230078, 0.048170
5250, 2.251972, 0.048170
5300, 2.270678, 0.048170
5350, 2.294095, 0.048170
5400, 2.316441, 0.048170
5450, 2.337972, 0.048170
5500, 2.359878, 0.048170
5550, 2.380262, 0.048170
5600, 2.403292, 0.048170
5650, 2.424489, 0.048170
5700, 2.447436, 0.048170
5750, 2.471262, 0.048170
5800, 2.495735, 0.048170
5850, 2.518666, 0.048170
5900, 2.538594, 0.048170
5950, 2.560194, 0.048170
Total joined tuples fetched: 5950,2.560194
Time of current query run: 2.56 sec

======================================================== 
Time of the test run: 2024-04-18 08:56:06.006727
BNL: select * from customer121, order121 where c_custkey = o_custkey limit 100000; #1
  time before fetch: 0.000736 sec50, 0.030339, 0.023626
100, 0.057459, 0.036416
150, 0.071829, 0.040868
200, 0.080515, 0.042370
250, 0.095616, 0.043907
300, 0.115232, 0.045141
350, 0.135114, 0.045897
400, 0.156411, 0.046391
450, 0.176906, 0.046682
500, 0.198852, 0.046865
550, 0.220612, 0.046979
600, 0.238286, 0.047034
650, 0.257847, 0.047071
700, 0.275395, 0.047091
750, 0.293122, 0.047103
800, 0.312120, 0.047111
850, 0.333263, 0.047116
900, 0.351611, 0.047119
950, 0.371450, 0.047121
1000, 0.392059, 0.047122
1050, 0.412721, 0.047123
1100, 0.431916, 0.047123
1150, 0.450124, 0.047123
1200, 0.469609, 0.047123
1250, 0.490654, 0.047124
1300, 0.507854, 0.047124
1350, 0.526400, 0.047124
1400, 0.547166, 0.047124
1450, 0.568187, 0.047124
1500, 0.589202, 0.047124
1550, 0.609110, 0.047124
1600, 0.627871, 0.047124
1650, 0.649022, 0.047124
1700, 0.666879, 0.047124
1750, 0.687089, 0.047124
1800, 0.706759, 0.047124
1850, 0.726287, 0.047124
1900, 0.747497, 0.047124
1950, 0.767472, 0.047124
2000, 0.786203, 0.047124
2050, 0.804476, 0.047124
2100, 0.824055, 0.047124
2150, 0.841819, 0.047124
2200, 0.863519, 0.047124
2250, 0.884709, 0.047124
2300, 0.902031, 0.047124
2350, 0.922534, 0.047124
2400, 0.943086, 0.047124
2450, 0.963323, 0.047124
2500, 0.981262, 0.047124
2550, 0.999046, 0.047124
2600, 1.017373, 0.047124
2650, 1.045587, 0.047124
2700, 1.077278, 0.047124
2750, 1.088754, 0.047124
2800, 1.097083, 0.047124
2850, 1.117149, 0.047124
2900, 1.138717, 0.047124
2950, 1.158366, 0.047124
3000, 1.174543, 0.047124
3050, 1.196743, 0.047124
3100, 1.221133, 0.047124
3150, 1.240331, 0.047124
3200, 1.261214, 0.047124
3250, 1.282026, 0.047124
3300, 1.299387, 0.047124
3350, 1.318472, 0.047124
3400, 1.338502, 0.047124
3450, 1.360543, 0.047124
3500, 1.381971, 0.047124
3550, 1.404785, 0.047124
3600, 1.425854, 0.047124
3650, 1.445159, 0.047124
3700, 1.463035, 0.047124
3750, 1.483089, 0.047124
3800, 1.502751, 0.047124
3850, 1.524986, 0.047124
3900, 1.545707, 0.047124
3950, 1.564951, 0.047124
4000, 1.585344, 0.047124
4050, 1.604312, 0.047124
4100, 1.622198, 0.047124
4150, 1.642457, 0.047124
4200, 1.663100, 0.047124
4250, 1.682734, 0.047124
4300, 1.702776, 0.047124
4350, 1.721513, 0.047124
4400, 1.740479, 0.047124
4450, 1.760059, 0.047124
4500, 1.780104, 0.047124
4550, 1.799937, 0.047124
4600, 1.820895, 0.047124
4650, 1.839682, 0.047124
4700, 1.860490, 0.047124
4750, 1.879881, 0.047124
4800, 1.900785, 0.047124
4850, 1.929164, 0.047124
4900, 1.960389, 0.047124
4950, 1.976487, 0.047124
5000, 1.984674, 0.047124
5050, 2.004907, 0.047124
5100, 2.031903, 0.047124
5150, 2.062778, 0.047124
5200, 2.087886, 0.047124
5250, 2.113530, 0.047124
5300, 2.140386, 0.047124
5350, 2.170035, 0.047124
5400, 2.196144, 0.047124
5450, 2.226036, 0.047124
5500, 2.247047, 0.047124
5550, 2.272444, 0.047124
5600, 2.296716, 0.047124
5650, 2.321565, 0.047124
5700, 2.349904, 0.047124
5750, 2.375701, 0.047124
5800, 2.403875, 0.047124
5850, 2.428589, 0.047124
5900, 2.456461, 0.047124
5950, 2.481802, 0.047124
6000, 2.507931, 0.047124
6050, 2.537546, 0.047124
6100, 2.560535, 0.047124
6150, 2.586314, 0.047124
6200, 2.610884, 0.047124
6250, 2.635634, 0.047124
Total joined tuples fetched: 6261,2.641214
Time of current query run: 2.64 sec

======================================================== 
Time of the test run: 2024-04-18 08:56:08.650883
BNL: select * from customer131, order131 where c_custkey = o_custkey limit 100000; #1
  time before fetch: 0.000679 sec50, 0.027021, 0.021178
100, 0.058629, 0.036306
150, 0.069882, 0.039739
200, 0.078124, 0.041168
250, 0.094409, 0.042810
300, 0.111203, 0.043870
350, 0.128482, 0.044529
400, 0.149589, 0.045018
450, 0.169759, 0.045305
500, 0.188738, 0.045467
550, 0.206873, 0.045561
600, 0.227410, 0.045625
650, 0.244411, 0.045657
700, 0.261401, 0.045676
750, 0.281266, 0.045690
800, 0.299607, 0.045698
850, 0.316603, 0.045702
900, 0.335139, 0.045705
950, 0.354669, 0.045706
1000, 0.372654, 0.045707
1050, 0.391410, 0.045708
1100, 0.409246, 0.045708
1150, 0.426495, 0.045709
1200, 0.443700, 0.045709
1250, 0.461816, 0.045709
1300, 0.479081, 0.045709
1350, 0.496968, 0.045709
1400, 0.516430, 0.045709
1450, 0.534908, 0.045709
1500, 0.553428, 0.045709
1550, 0.570449, 0.045709
1600, 0.590141, 0.045709
1650, 0.607857, 0.045709
1700, 0.629557, 0.045709
1750, 0.645496, 0.045709
1800, 0.664385, 0.045709
1850, 0.683474, 0.045709
1900, 0.702242, 0.045709
1950, 0.721581, 0.045709
2000, 0.739098, 0.045709
2050, 0.758155, 0.045709
2100, 0.776250, 0.045709
2150, 0.795879, 0.045709
2200, 0.813900, 0.045709
2250, 0.832241, 0.045709
2300, 0.849885, 0.045709
2350, 0.869137, 0.045709
2400, 0.888437, 0.045709
2450, 0.905523, 0.045709
2500, 0.923285, 0.045709
2550, 0.942703, 0.045709
2600, 0.960326, 0.045709
2650, 0.978287, 0.045709
2700, 0.999076, 0.045709
2750, 1.029019, 0.045709
2800, 1.061035, 0.045709
2850, 1.069299, 0.045709
2900, 1.079370, 0.045709
2950, 1.097604, 0.045709
3000, 1.116374, 0.045709
3050, 1.137427, 0.045709
3100, 1.157241, 0.045709
3150, 1.175821, 0.045709
3200, 1.194004, 0.045709
3250, 1.210128, 0.045709
3300, 1.227508, 0.045709
3350, 1.246450, 0.045709
3400, 1.265197, 0.045709
3450, 1.282886, 0.045709
3500, 1.298219, 0.045709
3550, 1.316207, 0.045709
3600, 1.333113, 0.045709
3650, 1.351076, 0.045709
3700, 1.368176, 0.045709
3750, 1.388117, 0.045709
3800, 1.406425, 0.045709
3850, 1.423595, 0.045709
3900, 1.440051, 0.045709
3950, 1.457959, 0.045709
4000, 1.478015, 0.045709
4050, 1.499085, 0.045709
4100, 1.519432, 0.045709
4150, 1.536046, 0.045709
4200, 1.555096, 0.045709
4250, 1.574500, 0.045709
4300, 1.592744, 0.045709
4350, 1.608879, 0.045709
4400, 1.628568, 0.045709
4450, 1.650174, 0.045709
4500, 1.666909, 0.045709
4550, 1.684265, 0.045709
4600, 1.703180, 0.045709
4650, 1.722004, 0.045709
4700, 1.739526, 0.045709
4750, 1.756062, 0.045709
4800, 1.775845, 0.045709
4850, 1.795476, 0.045709
4900, 1.814585, 0.045709
4950, 1.837641, 0.045709
5000, 1.855459, 0.045709
5050, 1.874153, 0.045709
5100, 1.892110, 0.045709
5150, 1.917886, 0.045709
5200, 1.942827, 0.045709
5250, 1.964726, 0.045709
5300, 1.972905, 0.045709
5350, 1.987764, 0.045709
5400, 2.015685, 0.045709
5450, 2.039119, 0.045709
5500, 2.059591, 0.045709
5550, 2.084935, 0.045709
5600, 2.110587, 0.045709
5650, 2.135235, 0.045709
5700, 2.155880, 0.045709
5750, 2.179003, 0.045709
5800, 2.203545, 0.045709
5850, 2.227994, 0.045709
5900, 2.253140, 0.045709
5950, 2.275152, 0.045709
6000, 2.297172, 0.045709
6050, 2.323548, 0.045709
6100, 2.343104, 0.045709
6150, 2.366884, 0.045709
6200, 2.390489, 0.045709
6250, 2.414099, 0.045709
6300, 2.438070, 0.045709
6350, 2.461837, 0.045709
6400, 2.484648, 0.045709
6450, 2.503294, 0.045709
6500, 2.524959, 0.045709
6550, 2.547131, 0.045709
6600, 2.569990, 0.045709
6650, 2.598205, 0.045709
6700, 2.620641, 0.045709
6750, 2.643437, 0.045709
6800, 2.667688, 0.045709
6850, 2.694380, 0.045709
6900, 2.716503, 0.045709
Total joined tuples fetched: 6939,2.735362
Time of current query run: 2.74 sec

======================================================== 
Time of the test run: 2024-04-18 08:56:11.390471
BNL: select * from customer111_5, order111_5 where c_custkey = o_custkey limit 100000; #1
  time before fetch: 0.000727 sec50, 0.033824, 0.026492
100, 0.061734, 0.039689
150, 0.069907, 0.042037
200, 0.080340, 0.043770
250, 0.099423, 0.045757
300, 0.115201, 0.046747
350, 0.134355, 0.047490
400, 0.151574, 0.047890
450, 0.172031, 0.048176
500, 0.191153, 0.048337
550, 0.209808, 0.048433
600, 0.228843, 0.048492
650, 0.247351, 0.048526
700, 0.265230, 0.048546
750, 0.286383, 0.048561
800, 0.305845, 0.048569
850, 0.325224, 0.048574
900, 0.345716, 0.048577
950, 0.365705, 0.048579
1000, 0.384842, 0.048580
1050, 0.404808, 0.048581
1100, 0.421189, 0.048581
1150, 0.441788, 0.048581
1200, 0.462739, 0.048581
1250, 0.480770, 0.048581
1300, 0.497214, 0.048581
1350, 0.518067, 0.048581
1400, 0.537704, 0.048582
1450, 0.557346, 0.048582
1500, 0.576717, 0.048582
1550, 0.597731, 0.048582
1600, 0.617888, 0.048582
1650, 0.635511, 0.048582
1700, 0.654365, 0.048582
1750, 0.673474, 0.048582
1800, 0.692688, 0.048582
1850, 0.714176, 0.048582
1900, 0.733054, 0.048582
1950, 0.754285, 0.048582
2000, 0.771447, 0.048582
2050, 0.788300, 0.048582
2100, 0.808202, 0.048582
2150, 0.826389, 0.048582
2200, 0.843941, 0.048582
2250, 0.863092, 0.048582
2300, 0.886491, 0.048582
2350, 0.916178, 0.048582
2400, 0.936567, 0.048582
2450, 0.944880, 0.048582
2500, 0.959241, 0.048582
2550, 0.979143, 0.048582
2600, 0.996921, 0.048582
2650, 1.021836, 0.048582
2700, 1.040819, 0.048582
2750, 1.061763, 0.048582
2800, 1.081053, 0.048582
2850, 1.100152, 0.048582
2900, 1.122007, 0.048582
2950, 1.142563, 0.048582
3000, 1.162308, 0.048582
3050, 1.182264, 0.048582
3100, 1.201249, 0.048582
3150, 1.222046, 0.048582
3200, 1.241190, 0.048582
3250, 1.260743, 0.048582
3300, 1.278749, 0.048582
3350, 1.298527, 0.048582
3400, 1.320330, 0.048582
3450, 1.339335, 0.048582
3500, 1.362660, 0.048582
3550, 1.383745, 0.048582
3600, 1.402653, 0.048582
3650, 1.424329, 0.048582
3700, 1.447234, 0.048582
3750, 1.467831, 0.048582
3800, 1.486756, 0.048582
3850, 1.505571, 0.048582
3900, 1.525881, 0.048582
3950, 1.546561, 0.048582
4000, 1.567166, 0.048582
4050, 1.587480, 0.048582
4100, 1.606182, 0.048582
4150, 1.626983, 0.048582
4200, 1.646505, 0.048582
4250, 1.665130, 0.048582
4300, 1.687572, 0.048582
4350, 1.709986, 0.048582
4400, 1.729580, 0.048582
4450, 1.750080, 0.048582
4500, 1.773880, 0.048582
4550, 1.801981, 0.048582
4600, 1.828338, 0.048582
4650, 1.836655, 0.048582
4700, 1.846969, 0.048582
4750, 1.875065, 0.048582
4800, 1.900817, 0.048582
4850, 1.923138, 0.048582
4900, 1.948229, 0.048582
4950, 1.973972, 0.048582
5000, 1.998699, 0.048582
5050, 2.022774, 0.048582
5100, 2.044849, 0.048582
5150, 2.070764, 0.048582
5200, 2.093896, 0.048582
5250, 2.117071, 0.048582
5300, 2.142130, 0.048582
5350, 2.168352, 0.048582
5400, 2.192645, 0.048582
5450, 2.218272, 0.048582
5500, 2.246789, 0.048582
5550, 2.269598, 0.048582
5600, 2.289254, 0.048582
5650, 2.316225, 0.048582
5700, 2.343491, 0.048582
5750, 2.368014, 0.048582
5800, 2.391090, 0.048582
5850, 2.415140, 0.048582
5900, 2.443788, 0.048582
5950, 2.469144, 0.048582
6000, 2.495149, 0.048582
6050, 2.517883, 0.048582
6100, 2.543490, 0.048582
6150, 2.566194, 0.048582
6200, 2.591289, 0.048582
6250, 2.621059, 0.048582
Total joined tuples fetched: 6257,2.623726
Time of current query run: 2.62 sec

======================================================== 
Time of the test run: 2024-04-18 08:56:14.017241
BNL: select * from customer121_5, order121_5 where c_custkey = o_custkey limit 100000; #1
  time before fetch: 0.000720 sec50, 0.032591, 0.025758
100, 0.061717, 0.039923
150, 0.070059, 0.042310
200, 0.084709, 0.044681
250, 0.108265, 0.047194
300, 0.133360, 0.048794
350, 0.156462, 0.049696
400, 0.177346, 0.050180
450, 0.199663, 0.050485
500, 0.225154, 0.050702
550, 0.252807, 0.050845
600, 0.272230, 0.050905
650, 0.294121, 0.050946
700, 0.324069, 0.050979
750, 0.348578, 0.050995
800, 0.370595, 0.051005
850, 0.390513, 0.051010
900, 0.411480, 0.051013
950, 0.434549, 0.051015
1000, 0.457095, 0.051016
1050, 0.478487, 0.051017
1100, 0.502555, 0.051017
1150, 0.524875, 0.051018
1200, 0.549662, 0.051018
1250, 0.575617, 0.051018
1300, 0.597990, 0.051018
1350, 0.616805, 0.051018
1400, 0.640411, 0.051018
1450, 0.662853, 0.051018
1500, 0.683807, 0.051018
1550, 0.705480, 0.051018
1600, 0.728527, 0.051018
1650, 0.750459, 0.051018
1700, 0.773324, 0.051018
1750, 0.801358, 0.051018
1800, 0.831576, 0.051018
1850, 0.848333, 0.051018
1900, 0.856388, 0.051018
1950, 0.868987, 0.051018
2000, 0.889678, 0.051018
2050, 0.910608, 0.051018
2100, 0.928946, 0.051018
2150, 0.949223, 0.051018
2200, 0.969582, 0.051018
2250, 0.987352, 0.051018
2300, 1.009442, 0.051018
2350, 1.030895, 0.051018
2400, 1.047980, 0.051018
2450, 1.068412, 0.051018
2500, 1.088091, 0.051018
2550, 1.107765, 0.051018
2600, 1.128998, 0.051018
2650, 1.150062, 0.051018
2700, 1.172439, 0.051018
2750, 1.191901, 0.051018
2800, 1.210966, 0.051018
2850, 1.231211, 0.051018
2900, 1.254086, 0.051018
2950, 1.274753, 0.051018
3000, 1.294003, 0.051018
3050, 1.314167, 0.051018
3100, 1.332460, 0.051018
3150, 1.350270, 0.051018
3200, 1.368743, 0.051018
3250, 1.386285, 0.051018
3300, 1.404993, 0.051018
3350, 1.422491, 0.051018
3400, 1.447356, 0.051018
3450, 1.468610, 0.051018
3500, 1.486709, 0.051018
3550, 1.502801, 0.051018
3600, 1.522593, 0.051018
3650, 1.543383, 0.051018
3700, 1.561006, 0.051018
3750, 1.581340, 0.051018
3800, 1.603610, 0.051018
3850, 1.623154, 0.051018
3900, 1.642189, 0.051018
3950, 1.664917, 0.051018
4000, 1.684744, 0.051018
4050, 1.703671, 0.051018
4100, 1.727100, 0.051018
4150, 1.755841, 0.051018
4200, 1.777823, 0.051018
4250, 1.786015, 0.051018
4300, 1.798485, 0.051018
4350, 1.819747, 0.051018
4400, 1.841785, 0.051018
4450, 1.863846, 0.051018
4500, 1.887975, 0.051018
4550, 1.907802, 0.051018
4600, 1.929241, 0.051018
4650, 1.952682, 0.051018
4700, 1.973874, 0.051018
4750, 1.993264, 0.051018
4800, 2.016122, 0.051018
4850, 2.038710, 0.051018
4900, 2.060685, 0.051018
4950, 2.085504, 0.051018
5000, 2.106601, 0.051018
5050, 2.128264, 0.051018
5100, 2.150269, 0.051018
5150, 2.176942, 0.051018
5200, 2.198317, 0.051018
5250, 2.223141, 0.051018
5300, 2.246761, 0.051018
5350, 2.272023, 0.051018
5400, 2.294329, 0.051018
5450, 2.318034, 0.051018
5500, 2.342021, 0.051018
5550, 2.368607, 0.051018
5600, 2.393325, 0.051018
5650, 2.418893, 0.051018
5700, 2.440612, 0.051018
5750, 2.461070, 0.051018
5800, 2.483228, 0.051018
5850, 2.506848, 0.051018
5900, 2.529417, 0.051018
5950, 2.553807, 0.051018
6000, 2.573959, 0.051018
Total joined tuples fetched: 6003,2.575726
Time of current query run: 2.58 sec

======================================================== 
Time of the test run: 2024-04-18 08:56:16.595889
BNL: select * from customer131_5, order131_5 where c_custkey = o_custkey limit 100000; #1
  time before fetch: 0.000729 sec50, 0.028374, 0.022524
100, 0.055838, 0.035435
150, 0.069302, 0.039550
200, 0.077386, 0.040948
250, 0.095923, 0.042737
300, 0.117785, 0.044138
350, 0.145571, 0.045202
400, 0.176425, 0.045921
450, 0.202756, 0.046288
500, 0.223978, 0.046468
550, 0.248689, 0.046594
600, 0.270664, 0.046663
650, 0.295515, 0.046709
700, 0.321184, 0.046738
750, 0.348304, 0.046757
800, 0.374518, 0.046769
850, 0.393307, 0.046773
900, 0.422760, 0.046778
950, 0.444557, 0.046780
1000, 0.466628, 0.046781
1050, 0.489763, 0.046782
1100, 0.516671, 0.046782
1150, 0.540454, 0.046783
1200, 0.566507, 0.046783
1250, 0.589044, 0.046783
1300, 0.611816, 0.046783
1350, 0.634504, 0.046783
1400, 0.654052, 0.046783
1450, 0.678585, 0.046783
1500, 0.703815, 0.046783
1550, 0.725785, 0.046783
1600, 0.749677, 0.046783
1650, 0.772521, 0.046783
1700, 0.800339, 0.046783
1750, 0.826281, 0.046783
1800, 0.849442, 0.046783
1850, 0.876801, 0.046783
1900, 0.906433, 0.046783
1950, 0.935434, 0.046783
2000, 0.950943, 0.046783
2050, 0.959043, 0.046783
2100, 0.976042, 0.046783
2150, 0.995169, 0.046783
2200, 1.011691, 0.046783
2250, 1.029001, 0.046783
2300, 1.045596, 0.046783
2350, 1.063931, 0.046783
2400, 1.080170, 0.046783
2450, 1.098111, 0.046783
2500, 1.115291, 0.046783
2550, 1.133935, 0.046783
2600, 1.151530, 0.046783
2650, 1.168558, 0.046783
2700, 1.186228, 0.046783
2750, 1.205876, 0.046783
2800, 1.224287, 0.046783
2850, 1.243161, 0.046783
2900, 1.261138, 0.046783
2950, 1.279977, 0.046783
3000, 1.299066, 0.046783
3050, 1.316060, 0.046783
3100, 1.334611, 0.046783
3150, 1.351080, 0.046783
3200, 1.369138, 0.046783
3250, 1.386916, 0.046783
3300, 1.404395, 0.046783
3350, 1.421352, 0.046783
3400, 1.437062, 0.046783
3450, 1.457124, 0.046783
3500, 1.477566, 0.046783
3550, 1.497983, 0.046783
3600, 1.515226, 0.046783
3650, 1.535765, 0.046783
3700, 1.556068, 0.046783
3750, 1.573751, 0.046783
3800, 1.590178, 0.046783
3850, 1.608432, 0.046783
3900, 1.627555, 0.046783
3950, 1.647271, 0.046783
4000, 1.665386, 0.046783
4050, 1.682664, 0.046783
4100, 1.700925, 0.046783
4150, 1.719268, 0.046783
4200, 1.737994, 0.046783
4250, 1.756796, 0.046783
4300, 1.774539, 0.046783
4350, 1.791874, 0.046783
4400, 1.809559, 0.046783
4450, 1.826450, 0.046783
4500, 1.859083, 0.046783
4550, 1.887360, 0.046783
4600, 1.895523, 0.046783
4650, 1.910678, 0.046783
4700, 1.933698, 0.046783
4750, 1.953633, 0.046783
4800, 1.977689, 0.046783
4850, 2.000763, 0.046783
4900, 2.022561, 0.046783
4950, 2.044526, 0.046783
5000, 2.068384, 0.046783
5050, 2.090183, 0.046783
5100, 2.111532, 0.046783
5150, 2.131327, 0.046783
5200, 2.154082, 0.046783
5250, 2.179179, 0.046783
5300, 2.198753, 0.046783
5350, 2.220660, 0.046783
5400, 2.242304, 0.046783
5450, 2.265310, 0.046783
5500, 2.287683, 0.046783
5550, 2.308772, 0.046783
5600, 2.331536, 0.046783
5650, 2.354435, 0.046783
5700, 2.374123, 0.046783
5750, 2.393456, 0.046783
5800, 2.415323, 0.046783
5850, 2.438220, 0.046783
5900, 2.457782, 0.046783
5950, 2.480202, 0.046783
6000, 2.503923, 0.046783
6050, 2.525994, 0.046783
6100, 2.548515, 0.046783
6150, 2.567895, 0.046783
6200, 2.594095, 0.046783
Total joined tuples fetched: 6200,2.594095
Time of current query run: 2.59 sec

